% 1 3  &&  -2 - 3
data = [ 4.0,3.0,100.0,60.0,      88.0      ,0.3883495145631068; %86.4 
6.0,2.0,100.0,40.0,86.4,0.5825242718446602;
%8.0,3.0,50.0,30.0,86.4,0.7766990291262136;
8.5,2.5,50.0,25.0,76.5,0.8252427184466019;
9.0,2.0,50.0,20.0,64.8,0.8737864077669902;
9.5,4.0,20.0,16.0,54.72,0.9223300970873786;
10.0,3.0,20.0,12.0,43.2,0.9708737864077669;
10.3,0  ,0   , 0.0001,0  , 1 ;
10.5,-4.0,10.0,-8.0,-30.240000000000002,1.0194174757281553;
11.0,-3.5,20.0,-14.0,-55.44,1.0679611650485437;
11.5,-4.0,20.0,-16.0,-66.24,1.116504854368932;
12.0,-4.0,20.0,-16.0,-69.12,1.1650485436893203;
14.0,-4.0,20.0,-16.0,-80.64,1.3592233009708736;
%16.0,-4.0,20.0,-16.0,-92.16,1.5533980582524272;
%18.0,-3.0,20.0,-12.0,-77.76,1.7475728155339805;
20.0,-3.0,20.0,-12.0,-86.4,1.9417475728155338];

f     = data(:,1) ; 
lines = data(:,2) ;
scale = data(:,3) ;
dt    = data(:,4) ; 
phi   = data(:,5) ; 
ff0   = data(:,6) ; 

f0    = 10.3        ;

%% 1st 
ff01 = ff0(1:9);
phi1 = phi(1:9); 

 %% 2nd 
 ff02 = ff0(7:end);
 phi2 = phi(7:end);
 
 


